{
  "nbformat": 4,
  "nbformat_minor": 0,
  "metadata": {
    "colab": {
      "provenance": [],
      "collapsed_sections": []
    },
    "kernelspec": {
      "name": "python3",
      "display_name": "Python 3"
    },
    "language_info": {
      "name": "python"
    }
  },
  "cells": [
    {
      "cell_type": "code",
      "execution_count": 55,
      "metadata": {
        "colab": {
          "base_uri": "https://localhost:8080/",
          "height": 542
        },
        "id": "V7CknasfYOVg",
        "outputId": "67425c67-e4d6-426d-fc9d-7d83a71ebc7b"
      },
      "outputs": [
        {
          "output_type": "display_data",
          "data": {
            "text/html": [
              "<html>\n",
              "<head><meta charset=\"utf-8\" /></head>\n",
              "<body>\n",
              "    <div>            <script src=\"https://cdnjs.cloudflare.com/ajax/libs/mathjax/2.7.5/MathJax.js?config=TeX-AMS-MML_SVG\"></script><script type=\"text/javascript\">if (window.MathJax) {MathJax.Hub.Config({SVG: {font: \"STIX-Web\"}});}</script>                <script type=\"text/javascript\">window.PlotlyConfig = {MathJaxConfig: 'local'};</script>\n",
              "        <script src=\"https://cdn.plot.ly/plotly-2.8.3.min.js\"></script>                <div id=\"3fc6367d-2ff3-4ce5-abcc-e50a5b4e77cb\" class=\"plotly-graph-div\" style=\"height:525px; width:100%;\"></div>            <script type=\"text/javascript\">                                    window.PLOTLYENV=window.PLOTLYENV || {};                                    if (document.getElementById(\"3fc6367d-2ff3-4ce5-abcc-e50a5b4e77cb\")) {                    Plotly.newPlot(                        \"3fc6367d-2ff3-4ce5-abcc-e50a5b4e77cb\",                        [{\"x\":[-6.0,-5.755102040816326,-5.510204081632653,-5.26530612244898,-5.020408163265306,-4.775510204081632,-4.530612244897959,-4.285714285714286,-4.040816326530612,-3.795918367346939,-3.5510204081632653,-3.306122448979592,-3.0612244897959187,-2.816326530612245,-2.5714285714285716,-2.326530612244898,-2.0816326530612246,-1.8367346938775508,-1.591836734693878,-1.3469387755102042,-1.1020408163265305,-0.8571428571428577,-0.6122448979591839,-0.36734693877551017,-0.12244897959183731,0.12244897959183643,0.36734693877551017,0.6122448979591839,0.8571428571428568,1.1020408163265305,1.3469387755102042,1.591836734693877,1.8367346938775508,2.0816326530612237,2.3265306122448983,2.571428571428571,2.816326530612244,3.0612244897959187,3.3061224489795915,3.5510204081632644,3.795918367346939,4.040816326530612,4.285714285714285,4.530612244897959,4.775510204081632,5.020408163265305,5.26530612244898,5.5102040816326525,5.755102040816325,6.0],\"y\":[-6.0,-5.755102040816326,-5.510204081632653,-5.26530612244898,-5.020408163265306,-4.775510204081632,-4.530612244897959,-4.285714285714286,-4.040816326530612,-3.795918367346939,-3.5510204081632653,-3.306122448979592,-3.0612244897959187,-2.816326530612245,-2.5714285714285716,-2.326530612244898,-2.0816326530612246,-1.8367346938775508,-1.591836734693878,-1.3469387755102042,-1.1020408163265305,-0.8571428571428577,-0.6122448979591839,-0.36734693877551017,-0.12244897959183731,0.12244897959183643,0.36734693877551017,0.6122448979591839,0.8571428571428568,1.1020408163265305,1.3469387755102042,1.591836734693877,1.8367346938775508,2.0816326530612237,2.3265306122448983,2.571428571428571,2.816326530612244,3.0612244897959187,3.3061224489795915,3.5510204081632644,3.795918367346939,4.040816326530612,4.285714285714285,4.530612244897959,4.775510204081632,5.020408163265305,5.26530612244898,5.5102040816326525,5.755102040816325,6.0],\"z\":[[75.9036510316877,77.42036716900364,80.50378299730106,83.78013500443242,85.85849755049168,85.65784822083258,82.6612618444428,77.03746143001885,69.60114426189928,61.621412166025394,54.52335207988017,49.552937935869245,47.48404957565931,48.43650092052258,51.847866659023644,56.60573218745735,61.309269257478924,64.5986298505271,65.47470386973939,63.53405211347669,59.063771867789015,52.973988211113266,46.58384517618022,41.31131928398875,38.33979338635587,38.339793386355865,41.31131928398875,46.58384517618022,52.97398821111324,59.063771867789015,63.53405211347669,65.47470386973939,64.5986298505271,61.309269257478945,56.60573218745735,51.847866659023644,48.4365009205226,47.48404957565931,49.55293793586924,54.52335207988015,61.621412166025394,69.60114426189928,77.03746143001881,82.6612618444428,85.65784822083258,85.85849755049168,83.78013500443242,80.50378299730106,77.42036716900367,75.9036510316877],[77.42036716900364,78.93708330631961,82.020499134617,85.29685114174838,87.37521368780762,87.17456435814853,84.17797798175874,78.55417756733479,71.11786039921523,63.13812830334135,56.04006821719612,51.0696540731852,49.000765712975266,49.95321705783853,53.36458279633959,58.122448324773295,62.825985394794884,66.11534598784306,66.99142000705535,65.05076825079264,60.58048800510497,54.49070434842922,48.10056131349617,42.828035421304705,39.856509523671825,39.85650952367182,42.828035421304705,48.10056131349617,54.49070434842919,60.58048800510497,65.05076825079264,66.99142000705535,66.11534598784306,62.8259853947949,58.12244832477329,53.3645827963396,49.95321705783854,49.000765712975266,51.06965407318519,56.0400682171961,63.13812830334135,71.11786039921523,78.55417756733478,84.17797798175874,87.17456435814853,87.37521368780762,85.29685114174838,82.02049913461701,78.93708330631961,77.42036716900364],[80.50378299730106,82.020499134617,85.1039149629144,88.38026697004578,90.45862951610502,90.25798018644593,87.26139381005615,81.6375933956322,74.20127622751262,66.22154413163875,59.12348404549351,54.153069901482596,52.08418154127266,53.03663288613593,56.447998624636995,61.2058641530707,65.90940122309227,69.19876181614046,70.07483583535276,68.13418407909005,63.66390383340237,57.574120176726616,51.18397714179358,45.91145124960211,42.93992535196922,42.93992535196922,45.91145124960211,51.18397714179358,57.574120176726595,63.66390383340237,68.13418407909005,70.07483583535274,69.19876181614046,65.9094012230923,61.20586415307069,56.447998624636995,53.03663288613595,52.08418154127266,54.15306990148259,59.1234840454935,66.22154413163875,74.20127622751262,81.63759339563217,87.26139381005615,90.25798018644593,90.45862951610502,88.38026697004578,85.10391496291442,82.02049913461701,80.50378299730106],[83.78013500443242,85.29685114174838,88.38026697004578,91.65661897717715,93.7349815232364,93.53433219357731,90.53774581718753,84.91394540276357,77.477628234644,69.49789613877012,62.39983605262489,57.429421908613975,55.360533548404035,56.31298489326731,59.72435063176836,64.48221616020209,69.18575323022365,72.47511382327183,73.35118784248412,71.41053608622141,66.94025584053374,60.85047218385799,54.46032914892495,49.18780325673348,46.2162773591006,46.216277359100594,49.18780325673348,54.46032914892495,60.85047218385797,66.94025584053374,71.41053608622141,73.35118784248412,72.47511382327183,69.18575323022367,64.48221616020207,59.724350631768374,56.31298489326732,55.360533548404035,57.42942190861396,62.39983605262488,69.49789613877012,77.477628234644,84.91394540276355,90.53774581718753,93.53433219357731,93.7349815232364,91.65661897717715,88.3802669700458,85.29685114174839,83.78013500443242],[85.85849755049168,87.37521368780762,90.45862951610502,93.7349815232364,95.81334406929565,95.61269473963654,92.61610836324677,86.99230794882281,79.55599078070324,71.57625868482937,64.47819859868414,59.507784454673214,57.43889609446329,58.39134743932655,61.80271317782761,66.56057870626131,71.2641157762829,74.55347636933108,75.42955038854336,73.48889863228067,69.01861838659299,62.92883472991724,56.538691694984195,51.26616580279273,48.29463990515985,48.29463990515984,51.26616580279273,56.538691694984195,62.92883472991721,69.01861838659299,73.48889863228067,75.42955038854336,74.55347636933108,71.26411577628292,66.56057870626131,61.80271317782762,58.391347439326566,57.43889609446329,59.507784454673214,64.47819859868412,71.57625868482937,79.55599078070324,86.9923079488228,92.61610836324677,95.61269473963654,95.81334406929564,93.7349815232364,90.45862951610503,87.37521368780763,85.85849755049168],[85.65784822083258,87.17456435814853,90.25798018644593,93.53433219357731,95.61269473963654,95.41204540997745,92.41545903358768,86.79165861916371,79.35534145104415,71.37560935517027,64.27754926902504,59.30713512501412,57.23824676480419,58.190698109667466,61.60206384816851,66.35992937660222,71.06346644662379,74.35282703967198,75.22890105888428,73.28824930262157,68.81796905693389,62.72818540025814,56.338042365325094,51.06551647313363,48.093990575500754,48.09399057550074,51.06551647313363,56.338042365325094,62.72818540025813,68.81796905693389,73.28824930262157,75.22890105888428,74.35282703967198,71.06346644662382,66.35992937660221,61.60206384816853,58.190698109667466,57.23824676480419,59.30713512501411,64.27754926902503,71.37560935517027,79.35534145104415,86.79165861916368,92.41545903358768,95.41204540997745,95.61269473963655,93.53433219357731,90.25798018644593,87.17456435814853,85.65784822083258],[82.6612618444428,84.17797798175874,87.26139381005615,90.53774581718753,92.61610836324677,92.41545903358768,89.41887265719791,83.79507224277395,76.35875507465437,68.3790229787805,61.28096289263527,56.310548748624356,54.24166038841442,55.194111733277694,58.60547747177874,63.36334300021245,68.06688007023402,71.35624066328221,72.2323146824945,70.2916629262318,65.82138268054412,59.73159902386837,53.34145598893532,48.068930096743856,45.09740419911098,45.09740419911097,48.068930096743856,53.34145598893532,59.73159902386835,65.82138268054412,70.2916629262318,72.23231468249449,71.35624066328221,68.06688007023405,63.363343000212446,58.605477471778755,55.194111733277694,54.24166038841442,56.31054874862434,61.28096289263526,68.3790229787805,76.35875507465437,83.79507224277393,89.41887265719791,92.41545903358768,92.61610836324678,90.53774581718753,87.26139381005618,84.17797798175877,82.6612618444428],[77.03746143001885,78.55417756733479,81.6375933956322,84.91394540276357,86.99230794882281,86.79165861916371,83.79507224277395,78.17127182834999,70.73495466023041,62.75522256435654,55.65716247821132,50.686748334200395,48.617859973990456,49.570311318853726,52.98167705735479,57.73954258578849,62.443079655810074,65.73244024885824,66.60851426807054,64.66786251180784,60.197582266120165,54.10779860944441,47.71765557451137,42.4451296823199,39.473603784687015,39.473603784687015,42.4451296823199,47.71765557451137,54.10779860944439,60.197582266120165,64.66786251180784,66.60851426807054,65.73244024885824,62.443079655810095,57.739542585788485,52.98167705735479,49.57031131885374,48.617859973990456,50.68674833420038,55.65716247821129,62.75522256435654,70.73495466023041,78.17127182834996,83.79507224277395,86.79165861916371,86.99230794882283,84.91394540276357,81.63759339563221,78.55417756733482,77.03746143001885],[69.60114426189928,71.11786039921523,74.20127622751262,77.477628234644,79.55599078070324,79.35534145104415,76.35875507465437,70.73495466023041,63.298637492110856,55.31890539623697,48.22084531009175,43.25043116608082,41.18154280587089,42.13399415073417,45.54535988923522,50.303225417668926,55.00676248769051,58.29612308073868,59.17219709995097,57.23154534368828,52.76126509800059,46.67148144132484,40.2813384063918,35.00881251420033,32.03728661656745,32.03728661656744,35.00881251420033,40.2813384063918,46.67148144132482,52.76126509800059,57.23154534368828,59.17219709995097,58.29612308073868,55.00676248769052,50.30322541766891,45.54535988923522,42.13399415073417,41.18154280587089,43.250431166080816,48.220845310091725,55.31890539623697,63.298637492110856,70.73495466023039,76.35875507465437,79.35534145104415,79.55599078070324,77.477628234644,74.20127622751264,71.11786039921523,69.60114426189928],[61.621412166025394,63.13812830334135,66.22154413163875,69.49789613877012,71.57625868482937,71.37560935517027,68.3790229787805,62.75522256435654,55.31890539623697,47.339173300363086,40.24111321421787,35.270699070206945,33.201810709997005,34.15426205486028,37.56562779336134,42.32349332179504,47.02703039181662,50.316390984864796,51.19246500407709,49.25181324781439,44.781533002126714,38.69174934545096,32.30160631051791,27.029080418326448,24.057554520693568,24.057554520693564,27.029080418326448,32.30160631051791,38.69174934545094,44.781533002126714,49.25181324781439,51.19246500407709,50.316390984864796,47.02703039181664,42.32349332179503,37.565627793361344,34.15426205486029,33.201810709997005,35.27069907020693,40.24111321421785,47.339173300363086,55.31890539623697,62.75522256435651,68.3790229787805,71.37560935517027,71.57625868482936,69.49789613877012,66.22154413163875,63.13812830334136,61.621412166025394],[54.52335207988017,56.04006821719612,59.12348404549351,62.39983605262489,64.47819859868414,64.27754926902504,61.28096289263527,55.65716247821132,48.22084531009175,40.24111321421787,33.143053128072644,28.172638984061717,26.103750623851788,27.056201968715058,30.467567707216116,35.22543323564982,39.9289703056714,43.21833089871957,44.09440491793187,42.15375316166917,37.68347291598149,31.593689259305737,25.203546224372694,19.931020332181227,16.959494434548347,16.95949443454834,19.931020332181227,25.203546224372694,31.593689259305716,37.68347291598149,42.15375316166917,44.09440491793187,43.21833089871957,39.92897030567141,35.22543323564982,30.46756770721612,27.056201968715065,26.103750623851788,28.172638984061713,33.14305312807262,40.24111321421787,48.22084531009175,55.65716247821129,61.28096289263527,64.27754926902504,64.47819859868414,62.39983605262489,59.123484045493534,56.040068217196136,54.52335207988017],[49.552937935869245,51.0696540731852,54.153069901482596,57.429421908613975,59.507784454673214,59.30713512501412,56.310548748624356,50.686748334200395,43.25043116608082,35.270699070206945,28.172638984061717,23.202224840050796,21.13333647984086,22.085787824704134,25.497153563205188,30.255019091638896,34.958556161660475,38.247916754708655,39.123990773920944,37.18333901765825,32.713058771970566,26.623275115294817,20.23313208036177,14.960606188170301,11.989080290537423,11.989080290537418,14.960606188170301,20.23313208036177,26.623275115294796,32.713058771970566,37.18333901765825,39.12399077392094,38.247916754708655,34.95855616166049,30.255019091638893,25.497153563205195,22.08578782470414,21.13333647984086,23.20222484005079,28.1726389840617,35.270699070206945,43.25043116608082,50.68674833420037,56.310548748624356,59.30713512501412,59.50778445467322,57.429421908613975,54.15306990148261,51.069654073185205,49.552937935869245],[47.48404957565931,49.000765712975266,52.08418154127266,55.360533548404035,57.43889609446329,57.23824676480419,54.24166038841442,48.617859973990456,41.18154280587089,33.201810709997005,26.103750623851788,21.13333647984086,19.064448119630928,20.016899464494198,23.428265202995256,28.18613073142896,32.88966780145054,36.179028394498715,37.05510241371101,35.11445065744831,30.644170411760633,24.55438675508488,18.164243720151834,12.891717827960367,9.920191930327489,9.920191930327483,12.891717827960367,18.164243720151834,24.554386755084856,30.644170411760633,35.11445065744831,37.05510241371101,36.179028394498715,32.88966780145056,28.186130731428953,23.42826520299526,20.01689946449421,19.064448119630928,21.133336479840853,26.103750623851763,33.201810709997005,41.18154280587089,48.61785997399043,54.24166038841442,57.23824676480419,57.43889609446329,55.360533548404035,52.08418154127268,49.00076571297528,47.48404957565931],[48.43650092052258,49.95321705783853,53.03663288613593,56.31298489326731,58.39134743932655,58.190698109667466,55.194111733277694,49.570311318853726,42.13399415073417,34.15426205486028,27.056201968715058,22.085787824704134,20.016899464494198,20.969350809357472,24.380716547858526,29.13858207629223,33.84211914631381,37.13147973936199,38.00755375857428,36.06690200231158,31.596621756623904,25.506838099948155,19.116695065015108,13.84416917282364,10.872643275190761,10.872643275190754,13.84416917282364,19.116695065015108,25.506838099948126,31.596621756623904,36.06690200231158,38.007553758574275,37.13147973936199,33.842119146313834,29.138582076292227,24.380716547858533,20.96935080935748,20.016899464494198,22.085787824704123,27.056201968715033,34.15426205486028,42.13399415073417,49.570311318853705,55.194111733277694,58.190698109667466,58.39134743932655,56.31298489326731,53.03663288613595,49.95321705783854,48.43650092052258],[51.847866659023644,53.36458279633959,56.447998624636995,59.72435063176836,61.80271317782761,61.60206384816851,58.60547747177874,52.98167705735479,45.54535988923522,37.56562779336134,30.467567707216116,25.497153563205188,23.428265202995256,24.380716547858526,27.792082286359584,32.54994781479329,37.253484884814874,40.54284547786304,41.41891949707534,39.47826774081263,35.007987495124965,28.918203838449212,22.528060803516162,17.255534911324695,14.284009013691815,14.28400901369181,17.255534911324695,22.528060803516162,28.918203838449188,35.007987495124965,39.47826774081263,41.418919497075336,40.54284547786304,37.25348488481488,32.549947814793285,27.792082286359587,24.380716547858537,23.428265202995256,25.49715356320518,30.46756770721609,37.56562779336134,45.54535988923522,52.98167705735476,58.60547747177874,61.60206384816851,61.80271317782761,59.72435063176836,56.44799862463701,53.364582796339604,51.847866659023644],[56.60573218745735,58.122448324773295,61.2058641530707,64.48221616020209,66.56057870626131,66.35992937660222,63.36334300021245,57.73954258578849,50.303225417668926,42.32349332179504,35.22543323564982,30.255019091638896,28.18613073142896,29.13858207629223,32.54994781479329,37.307813343227,42.01135041324858,45.30071100629675,46.17678502550905,44.23613326924635,39.76585302355866,33.67606936688291,27.285926331949867,22.013400439758403,19.041874542125523,19.041874542125516,22.013400439758403,27.285926331949867,33.67606936688289,39.76585302355866,44.23613326924635,46.17678502550904,45.30071100629675,42.01135041324859,37.30781334322699,32.54994781479329,29.138582076292245,28.18613073142896,30.255019091638886,35.2254332356498,42.32349332179504,50.303225417668926,57.73954258578846,63.36334300021245,66.35992937660222,66.56057870626132,64.48221616020209,61.205864153070706,58.12244832477331,56.60573218745735],[61.309269257478924,62.825985394794884,65.90940122309227,69.18575323022365,71.2641157762829,71.06346644662379,68.06688007023402,62.443079655810074,55.00676248769051,47.02703039181662,39.9289703056714,34.958556161660475,32.88966780145054,33.84211914631381,37.253484884814874,42.01135041324858,46.714887483270154,50.004248076318326,50.88032209553063,48.93967033926793,44.469390093580245,38.379606436904496,31.98946340197145,26.71693750977998,23.7454116121471,23.745411612147098,26.71693750977998,31.98946340197145,38.379606436904474,44.469390093580245,48.93967033926793,50.88032209553062,50.004248076318326,46.714887483270175,42.011350413248564,37.253484884814874,33.84211914631382,32.88966780145054,34.95855616166047,39.92897030567138,47.02703039181662,55.00676248769051,62.443079655810045,68.06688007023402,71.06346644662379,71.26411577628289,69.18575323022365,65.90940122309229,62.825985394794884,61.309269257478924],[64.5986298505271,66.11534598784306,69.19876181614046,72.47511382327183,74.55347636933108,74.35282703967198,71.35624066328221,65.73244024885824,58.29612308073868,50.316390984864796,43.21833089871957,38.247916754708655,36.179028394498715,37.13147973936199,40.54284547786304,45.30071100629675,50.004248076318326,53.29360866936651,54.169682688578796,52.2290309323161,47.758750686628424,41.66896702995267,35.27882399501963,30.00629810282816,27.034772205195278,27.034772205195274,30.00629810282816,35.27882399501963,41.66896702995265,47.758750686628424,52.2290309323161,54.169682688578796,53.29360866936651,50.00424807631835,45.30071100629675,40.542845477863054,37.131479739362,36.179028394498715,38.24791675470864,43.21833089871956,50.316390984864796,58.29612308073868,65.73244024885823,71.35624066328221,74.35282703967198,74.55347636933108,72.47511382327183,69.19876181614046,66.11534598784307,64.5986298505271],[65.47470386973939,66.99142000705535,70.07483583535276,73.35118784248412,75.42955038854336,75.22890105888428,72.2323146824945,66.60851426807054,59.17219709995097,51.19246500407709,44.09440491793187,39.123990773920944,37.05510241371101,38.00755375857428,41.41891949707534,46.17678502550905,50.88032209553063,54.169682688578796,55.04575670779109,53.105104951528396,48.634824705840714,42.545041049164965,36.15489801423191,30.882372122040454,27.91084622440757,27.910846224407564,30.882372122040454,36.15489801423191,42.545041049164944,48.634824705840714,53.105104951528396,55.04575670779109,54.169682688578796,50.880322095530644,46.17678502550904,41.418919497075336,38.007553758574296,37.05510241371101,39.12399077392094,44.09440491793185,51.19246500407709,59.17219709995097,66.60851426807051,72.2323146824945,75.22890105888428,75.42955038854338,73.35118784248412,70.07483583535276,66.99142000705535,65.47470386973939],[63.53405211347669,65.05076825079264,68.13418407909005,71.41053608622141,73.48889863228067,73.28824930262157,70.2916629262318,64.66786251180784,57.23154534368828,49.25181324781439,42.15375316166917,37.18333901765825,35.11445065744831,36.06690200231158,39.47826774081263,44.23613326924635,48.93967033926793,52.2290309323161,53.105104951528396,51.16445319526569,46.69417294957802,40.60438929290226,34.21424625796922,28.94172036577775,25.97019446814487,25.970194468144864,28.94172036577775,34.21424625796922,40.60438929290224,46.69417294957802,51.16445319526569,53.10510495152839,52.2290309323161,48.939670339267934,44.23613326924634,39.47826774081265,36.06690200231159,35.11445065744831,37.183339017658234,42.15375316166915,49.25181324781439,57.23154534368828,64.66786251180781,70.2916629262318,73.28824930262157,73.48889863228067,71.41053608622141,68.13418407909006,65.05076825079266,63.53405211347669],[59.063771867789015,60.58048800510497,63.66390383340237,66.94025584053374,69.01861838659299,68.81796905693389,65.82138268054412,60.197582266120165,52.76126509800059,44.781533002126714,37.68347291598149,32.713058771970566,30.644170411760633,31.596621756623904,35.007987495124965,39.76585302355866,44.469390093580245,47.758750686628424,48.634824705840714,46.69417294957802,42.223892703890336,36.134109047214594,29.743966012281543,24.471440120090072,21.499914222457193,21.49991422245719,24.471440120090072,29.743966012281543,36.13410904721457,42.223892703890336,46.69417294957802,48.634824705840714,47.758750686628424,44.469390093580266,39.76585302355866,35.007987495124965,31.59662175662391,30.644170411760633,32.71305877197056,37.68347291598147,44.781533002126714,52.76126509800059,60.197582266120136,65.82138268054412,68.81796905693389,69.01861838659299,66.94025584053374,63.66390383340238,60.58048800510498,59.063771867789015],[52.973988211113266,54.49070434842922,57.574120176726616,60.85047218385799,62.92883472991724,62.72818540025814,59.73159902386837,54.10779860944441,46.67148144132484,38.69174934545096,31.593689259305737,26.623275115294817,24.55438675508488,25.506838099948155,28.918203838449212,33.67606936688291,38.379606436904496,41.66896702995267,42.545041049164965,40.60438929290226,36.134109047214594,30.044325390538837,23.654182355605787,18.381656463414323,15.41013056578144,15.410130565781435,18.381656463414323,23.654182355605787,30.04432539053881,36.134109047214594,40.60438929290226,42.54504104916496,41.66896702995267,38.37960643690451,33.67606936688291,28.918203838449212,25.506838099948162,24.55438675508488,26.62327511529481,31.59368925930572,38.69174934545096,46.67148144132484,54.10779860944439,59.73159902386837,62.72818540025814,62.928834729917234,60.85047218385799,57.57412017672662,54.49070434842923,52.973988211113266],[46.58384517618022,48.10056131349617,51.18397714179358,54.46032914892495,56.538691694984195,56.338042365325094,53.34145598893532,47.71765557451137,40.2813384063918,32.30160631051791,25.203546224372694,20.23313208036177,18.164243720151834,19.116695065015108,22.528060803516162,27.285926331949867,31.98946340197145,35.27882399501963,36.15489801423191,34.21424625796922,29.743966012281543,23.654182355605787,17.26403932067274,11.991513428481275,9.019987530848395,9.01998753084839,11.991513428481275,17.26403932067274,23.654182355605762,29.743966012281543,34.21424625796922,36.15489801423191,35.27882399501963,31.989463401971463,27.285926331949867,22.52806080351617,19.116695065015115,18.164243720151834,20.233132080361763,25.203546224372673,32.30160631051791,40.2813384063918,47.71765557451134,53.34145598893532,56.338042365325094,56.538691694984195,54.46032914892495,51.183977141793584,48.100561313496186,46.58384517618022],[41.31131928398875,42.828035421304705,45.91145124960211,49.18780325673348,51.26616580279273,51.06551647313363,48.068930096743856,42.4451296823199,35.00881251420033,27.029080418326448,19.931020332181227,14.960606188170301,12.891717827960367,13.84416917282364,17.255534911324695,22.013400439758403,26.71693750977998,30.00629810282816,30.882372122040454,28.94172036577775,24.471440120090072,18.381656463414323,11.991513428481275,6.718987536289808,3.747461638656928,3.747461638656923,6.718987536289808,11.991513428481275,18.3816564634143,24.471440120090072,28.94172036577775,30.88237212204045,30.00629810282816,26.71693750978,22.013400439758396,17.255534911324702,13.844169172823648,12.891717827960367,14.960606188170294,19.931020332181202,27.029080418326448,35.00881251420033,42.44512968231987,48.068930096743856,51.06551647313363,51.26616580279273,49.18780325673348,45.91145124960212,42.82803542130471,41.31131928398875],[38.33979338635587,39.856509523671825,42.93992535196922,46.2162773591006,48.29463990515985,48.093990575500754,45.09740419911098,39.473603784687015,32.03728661656745,24.057554520693568,16.959494434548347,11.989080290537423,9.920191930327489,10.872643275190761,14.284009013691815,19.041874542125523,23.7454116121471,27.034772205195278,27.91084622440757,25.97019446814487,21.499914222457193,15.41013056578144,9.019987530848395,3.747461638656928,0.7759357410240486,0.7759357410240431,3.747461638656928,9.019987530848395,15.410130565781419,21.499914222457193,25.97019446814487,27.910846224407567,27.034772205195278,23.74541161214712,19.041874542125516,14.284009013691822,10.87264327519077,9.920191930327489,11.989080290537416,16.959494434548326,24.057554520693568,32.03728661656745,39.473603784686986,45.09740419911098,48.093990575500754,48.29463990515985,46.2162773591006,42.93992535196924,39.85650952367184,38.33979338635587],[38.339793386355865,39.85650952367182,42.93992535196922,46.216277359100594,48.29463990515984,48.09399057550074,45.09740419911097,39.473603784687015,32.03728661656744,24.057554520693564,16.95949443454834,11.989080290537418,9.920191930327483,10.872643275190754,14.28400901369181,19.041874542125516,23.745411612147098,27.034772205195274,27.910846224407564,25.970194468144864,21.49991422245719,15.410130565781435,9.01998753084839,3.747461638656923,0.7759357410240431,0.7759357410240375,3.747461638656923,9.01998753084839,15.410130565781412,21.49991422245719,25.970194468144864,27.91084622440756,27.034772205195274,23.745411612147112,19.04187454212551,14.284009013691815,10.872643275190763,9.920191930327483,11.98908029053741,16.95949443454832,24.057554520693564,32.03728661656744,39.473603784686986,45.09740419911097,48.09399057550074,48.29463990515984,46.216277359100594,42.93992535196924,39.85650952367183,38.339793386355865],[41.31131928398875,42.828035421304705,45.91145124960211,49.18780325673348,51.26616580279273,51.06551647313363,48.068930096743856,42.4451296823199,35.00881251420033,27.029080418326448,19.931020332181227,14.960606188170301,12.891717827960367,13.84416917282364,17.255534911324695,22.013400439758403,26.71693750977998,30.00629810282816,30.882372122040454,28.94172036577775,24.471440120090072,18.381656463414323,11.991513428481275,6.718987536289808,3.747461638656928,3.747461638656923,6.718987536289808,11.991513428481275,18.3816564634143,24.471440120090072,28.94172036577775,30.88237212204045,30.00629810282816,26.71693750978,22.013400439758396,17.255534911324702,13.844169172823648,12.891717827960367,14.960606188170294,19.931020332181202,27.029080418326448,35.00881251420033,42.44512968231987,48.068930096743856,51.06551647313363,51.26616580279273,49.18780325673348,45.91145124960212,42.82803542130471,41.31131928398875],[46.58384517618022,48.10056131349617,51.18397714179358,54.46032914892495,56.538691694984195,56.338042365325094,53.34145598893532,47.71765557451137,40.2813384063918,32.30160631051791,25.203546224372694,20.23313208036177,18.164243720151834,19.116695065015108,22.528060803516162,27.285926331949867,31.98946340197145,35.27882399501963,36.15489801423191,34.21424625796922,29.743966012281543,23.654182355605787,17.26403932067274,11.991513428481275,9.019987530848395,9.01998753084839,11.991513428481275,17.26403932067274,23.654182355605762,29.743966012281543,34.21424625796922,36.15489801423191,35.27882399501963,31.989463401971463,27.285926331949867,22.52806080351617,19.116695065015115,18.164243720151834,20.233132080361763,25.203546224372673,32.30160631051791,40.2813384063918,47.71765557451134,53.34145598893532,56.338042365325094,56.538691694984195,54.46032914892495,51.183977141793584,48.100561313496186,46.58384517618022],[52.97398821111324,54.49070434842919,57.574120176726595,60.85047218385797,62.92883472991721,62.72818540025813,59.73159902386835,54.10779860944439,46.67148144132482,38.69174934545094,31.593689259305716,26.623275115294796,24.554386755084856,25.506838099948126,28.918203838449188,33.67606936688289,38.379606436904474,41.66896702995265,42.545041049164944,40.60438929290224,36.13410904721457,30.04432539053881,23.654182355605762,18.3816564634143,15.410130565781419,15.410130565781412,18.3816564634143,23.654182355605762,30.044325390538788,36.13410904721457,40.60438929290224,42.54504104916494,41.66896702995265,38.37960643690448,33.676069366882885,28.918203838449188,25.506838099948137,24.554386755084856,26.62327511529478,31.59368925930569,38.69174934545094,46.67148144132482,54.107798609444366,59.73159902386835,62.72818540025813,62.92883472991721,60.85047218385797,57.57412017672661,54.490704348429205,52.97398821111324],[59.063771867789015,60.58048800510497,63.66390383340237,66.94025584053374,69.01861838659299,68.81796905693389,65.82138268054412,60.197582266120165,52.76126509800059,44.781533002126714,37.68347291598149,32.713058771970566,30.644170411760633,31.596621756623904,35.007987495124965,39.76585302355866,44.469390093580245,47.758750686628424,48.634824705840714,46.69417294957802,42.223892703890336,36.134109047214594,29.743966012281543,24.471440120090072,21.499914222457193,21.49991422245719,24.471440120090072,29.743966012281543,36.13410904721457,42.223892703890336,46.69417294957802,48.634824705840714,47.758750686628424,44.469390093580266,39.76585302355866,35.007987495124965,31.59662175662391,30.644170411760633,32.71305877197056,37.68347291598147,44.781533002126714,52.76126509800059,60.197582266120136,65.82138268054412,68.81796905693389,69.01861838659299,66.94025584053374,63.66390383340238,60.58048800510498,59.063771867789015],[63.53405211347669,65.05076825079264,68.13418407909005,71.41053608622141,73.48889863228067,73.28824930262157,70.2916629262318,64.66786251180784,57.23154534368828,49.25181324781439,42.15375316166917,37.18333901765825,35.11445065744831,36.06690200231158,39.47826774081263,44.23613326924635,48.93967033926793,52.2290309323161,53.105104951528396,51.16445319526569,46.69417294957802,40.60438929290226,34.21424625796922,28.94172036577775,25.97019446814487,25.970194468144864,28.94172036577775,34.21424625796922,40.60438929290224,46.69417294957802,51.16445319526569,53.10510495152839,52.2290309323161,48.939670339267934,44.23613326924634,39.47826774081265,36.06690200231159,35.11445065744831,37.183339017658234,42.15375316166915,49.25181324781439,57.23154534368828,64.66786251180781,70.2916629262318,73.28824930262157,73.48889863228067,71.41053608622141,68.13418407909006,65.05076825079266,63.53405211347669],[65.47470386973939,66.99142000705535,70.07483583535274,73.35118784248412,75.42955038854336,75.22890105888428,72.23231468249449,66.60851426807054,59.17219709995097,51.19246500407709,44.09440491793187,39.12399077392094,37.05510241371101,38.007553758574275,41.418919497075336,46.17678502550904,50.88032209553062,54.169682688578796,55.04575670779109,53.10510495152839,48.634824705840714,42.54504104916496,36.15489801423191,30.88237212204045,27.910846224407567,27.91084622440756,30.88237212204045,36.15489801423191,42.54504104916494,48.634824705840714,53.10510495152839,55.045756707791085,54.169682688578796,50.880322095530644,46.176785025509034,41.418919497075336,38.00755375857429,37.05510241371101,39.12399077392094,44.09440491793184,51.19246500407709,59.17219709995097,66.60851426807051,72.23231468249449,75.22890105888428,75.42955038854336,73.35118784248412,70.07483583535276,66.99142000705535,65.47470386973939],[64.5986298505271,66.11534598784306,69.19876181614046,72.47511382327183,74.55347636933108,74.35282703967198,71.35624066328221,65.73244024885824,58.29612308073868,50.316390984864796,43.21833089871957,38.247916754708655,36.179028394498715,37.13147973936199,40.54284547786304,45.30071100629675,50.004248076318326,53.29360866936651,54.169682688578796,52.2290309323161,47.758750686628424,41.66896702995267,35.27882399501963,30.00629810282816,27.034772205195278,27.034772205195274,30.00629810282816,35.27882399501963,41.66896702995265,47.758750686628424,52.2290309323161,54.169682688578796,53.29360866936651,50.00424807631835,45.30071100629675,40.542845477863054,37.131479739362,36.179028394498715,38.24791675470864,43.21833089871956,50.316390984864796,58.29612308073868,65.73244024885823,71.35624066328221,74.35282703967198,74.55347636933108,72.47511382327183,69.19876181614046,66.11534598784307,64.5986298505271],[61.309269257478945,62.8259853947949,65.9094012230923,69.18575323022367,71.26411577628292,71.06346644662382,68.06688007023405,62.443079655810095,55.00676248769052,47.02703039181664,39.92897030567141,34.95855616166049,32.88966780145056,33.842119146313834,37.25348488481488,42.01135041324859,46.714887483270175,50.00424807631835,50.880322095530644,48.939670339267934,44.469390093580266,38.37960643690451,31.989463401971463,26.71693750978,23.74541161214712,23.745411612147112,26.71693750978,31.989463401971463,38.37960643690448,44.469390093580266,48.939670339267934,50.880322095530644,50.00424807631835,46.71488748327019,42.01135041324858,37.253484884814895,33.842119146313834,32.88966780145056,34.95855616166048,39.92897030567139,47.02703039181664,55.00676248769052,62.44307965581007,68.06688007023405,71.06346644662382,71.26411577628292,69.18575323022367,65.9094012230923,62.825985394794905,61.309269257478945],[56.60573218745735,58.12244832477329,61.20586415307069,64.48221616020207,66.56057870626131,66.35992937660221,63.363343000212446,57.739542585788485,50.30322541766891,42.32349332179503,35.22543323564982,30.255019091638893,28.186130731428953,29.138582076292227,32.549947814793285,37.30781334322699,42.011350413248564,45.30071100629675,46.17678502550904,44.23613326924634,39.76585302355866,33.67606936688291,27.285926331949867,22.013400439758396,19.041874542125516,19.04187454212551,22.013400439758396,27.285926331949867,33.676069366882885,39.76585302355866,44.23613326924634,46.176785025509034,45.30071100629675,42.01135041324858,37.30781334322698,32.54994781479329,29.138582076292234,28.186130731428953,30.25501909163888,35.22543323564979,42.32349332179503,50.30322541766891,57.739542585788456,63.363343000212446,66.35992937660221,66.56057870626131,64.48221616020207,61.205864153070706,58.1224483247733,56.60573218745735],[51.847866659023644,53.3645827963396,56.447998624636995,59.724350631768374,61.80271317782762,61.60206384816853,58.605477471778755,52.98167705735479,45.54535988923522,37.565627793361344,30.46756770721612,25.497153563205195,23.42826520299526,24.380716547858533,27.792082286359587,32.54994781479329,37.253484884814874,40.542845477863054,41.418919497075336,39.47826774081265,35.007987495124965,28.918203838449212,22.52806080351617,17.255534911324702,14.284009013691822,14.284009013691815,17.255534911324702,22.52806080351617,28.918203838449188,35.007987495124965,39.47826774081265,41.418919497075336,40.542845477863054,37.253484884814895,32.54994781479329,27.792082286359594,24.38071654785854,23.42826520299526,25.497153563205188,30.467567707216098,37.565627793361344,45.54535988923522,52.981677057354766,58.605477471778755,61.60206384816853,61.80271317782762,59.724350631768374,56.44799862463701,53.364582796339604,51.847866659023644],[48.4365009205226,49.95321705783854,53.03663288613595,56.31298489326732,58.391347439326566,58.190698109667466,55.194111733277694,49.57031131885374,42.13399415073417,34.15426205486029,27.056201968715065,22.08578782470414,20.01689946449421,20.96935080935748,24.380716547858537,29.138582076292245,33.84211914631382,37.131479739362,38.007553758574296,36.06690200231159,31.59662175662391,25.506838099948162,19.116695065015115,13.844169172823648,10.87264327519077,10.872643275190763,13.844169172823648,19.116695065015115,25.506838099948137,31.59662175662391,36.06690200231159,38.00755375857429,37.131479739362,33.842119146313834,29.138582076292234,24.38071654785854,20.96935080935749,20.01689946449421,22.085787824704134,27.056201968715044,34.15426205486029,42.13399415073417,49.57031131885371,55.194111733277694,58.190698109667466,58.391347439326566,56.31298489326732,53.03663288613596,49.95321705783856,48.4365009205226],[47.48404957565931,49.000765712975266,52.08418154127266,55.360533548404035,57.43889609446329,57.23824676480419,54.24166038841442,48.617859973990456,41.18154280587089,33.201810709997005,26.103750623851788,21.13333647984086,19.064448119630928,20.016899464494198,23.428265202995256,28.18613073142896,32.88966780145054,36.179028394498715,37.05510241371101,35.11445065744831,30.644170411760633,24.55438675508488,18.164243720151834,12.891717827960367,9.920191930327489,9.920191930327483,12.891717827960367,18.164243720151834,24.554386755084856,30.644170411760633,35.11445065744831,37.05510241371101,36.179028394498715,32.88966780145056,28.186130731428953,23.42826520299526,20.01689946449421,19.064448119630928,21.133336479840853,26.103750623851763,33.201810709997005,41.18154280587089,48.61785997399043,54.24166038841442,57.23824676480419,57.43889609446329,55.360533548404035,52.08418154127268,49.00076571297528,47.48404957565931],[49.55293793586924,51.06965407318519,54.15306990148259,57.42942190861396,59.507784454673214,59.30713512501411,56.31054874862434,50.68674833420038,43.250431166080816,35.27069907020693,28.172638984061713,23.20222484005079,21.133336479840853,22.085787824704123,25.49715356320518,30.255019091638886,34.95855616166047,38.24791675470864,39.12399077392094,37.183339017658234,32.71305877197056,26.62327511529481,20.233132080361763,14.960606188170294,11.989080290537416,11.98908029053741,14.960606188170294,20.233132080361763,26.62327511529478,32.71305877197056,37.183339017658234,39.12399077392094,38.24791675470864,34.95855616166048,30.25501909163888,25.497153563205188,22.085787824704134,21.133336479840853,23.202224840050782,28.17263898406169,35.27069907020693,43.250431166080816,50.68674833420036,56.31054874862434,59.30713512501411,59.507784454673214,57.42942190861396,54.1530699014826,51.069654073185205,49.55293793586924],[54.52335207988015,56.0400682171961,59.1234840454935,62.39983605262488,64.47819859868412,64.27754926902503,61.28096289263526,55.65716247821129,48.220845310091725,40.24111321421785,33.14305312807262,28.1726389840617,26.103750623851763,27.056201968715033,30.46756770721609,35.2254332356498,39.92897030567138,43.21833089871956,44.09440491793185,42.15375316166915,37.68347291598147,31.59368925930572,25.203546224372673,19.931020332181202,16.959494434548326,16.95949443454832,19.931020332181202,25.203546224372673,31.59368925930569,37.68347291598147,42.15375316166915,44.09440491793184,43.21833089871956,39.92897030567139,35.22543323564979,30.467567707216098,27.056201968715044,26.10